x0 = 10
x1 = 32

dy = 7